[gd_scene load_steps=3 format=2]

[ext_resource path="res://Tree.gd" type="Script" id=1]

[sub_resource type="SpatialMaterial" id=1]
flags_disable_ambient_light = true
albedo_color = Color( 0.0196078, 0.0196078, 0.0196078, 1 )

[node name="Tree" type="StaticBody"]
script = ExtResource( 1 )

[node name="Trunk" type="CSGCylinder" parent="."]
transform = Transform( 1, 0, 0, 0, 1, 0, 0, 0, 1, 0, 15, 0 )
layers = 2
use_collision = true
height = 30.0
cone = true
material = SubResource( 1 )

[node name="Branch0" type="CSGCylinder" parent="Trunk"]
transform = Transform( 0.707107, -0.707107, 0, 0.707107, 0.707107, 0, 0, 0, 1, -4, 0, 0 )
layers = 2
radius = 0.25
height = 10.0
cone = true
material = SubResource( 1 )

[node name="Branch1" type="CSGCylinder" parent="Trunk"]
transform = Transform( 1, 0, 0, 0, 0.707107, 0.707107, 0, -0.707107, 0.707107, 0, 3, -4 )
layers = 2
radius = 0.25
height = 10.0
cone = true
material = SubResource( 1 )

[node name="Branch2" type="CSGCylinder" parent="Trunk"]
transform = Transform( -2.18557e-008, 3.78552e-008, 1, 0.866025, 0.5, 0, -0.5, 0.866025, -4.37114e-008, 0, -3, 4.5 )
layers = 2
radius = 0.25
height = 10.0
cone = true
material = SubResource( 1 )
